0.4981,0.52411,0.10963,0.57136,0.68331,0.11885,0.36831,0.8956,0.72284,0.20424
0.48743,0.1202,0.43777,0.62869,0.60856,0.38014,0.65561,0.48251,0.66809,0.76721
0.22947,0.17779,0.28023,0.87776,0.21966,0.81283,0.9382,0.44274,0.17883,0.069973
0.085552,0.70611,0.98525,0.66235,0.40628,0.2441,0.62043,0.31175,0.5505,0.95003
0.067383,0.83136,0.60876,0.87541,0.62991,0.88442,0.28284,0.055314,0.95988,0.15821
0.88839,0.034834,0.25375,0.46752,0.55531,0.71265,0.20518,0.75379,0.59602,0.28645
0.23317,0.75784,0.13261,0.14134,0.12758,0.37815,0.43913,0.13195,0.80857,0.68713
0.8616,0.95711,0.545,0.068134,0.1692,0.24892,0.02725,0.35592,0.98453,0.14115
0.71174,0.34287,0.8278,0.71424,0.00099942,0.25285,0.87618,0.39587,0.88592,0.51209
0.87281,0.63824,0.83701,0.30799,0.41816,0.76724,0.61009,0.88552,0.21384,0.72133
0.938,0.34301,0.83335,0.67116,0.48849,0.049862,0.20359,0.02124,0.03463,0.92885
0.13969,0.21647,0.20372,0.65242,0.15987,0.68529,0.51992,0.84408,0.45112,0.7321
0.3939,0.7862,0.54442,0.53105,0.66684,0.62028,0.053824,0.28807,0.013795,0.74985
0.98056,0.72309,0.87494,0.71511,0.01792,0.74668,0.86219,0.25034,0.47371,0.40732
0.64479,0.27884,0.121,0.50481,0.11968,0.97726,0.44293,0.48838,0.9512,0.23949
0.89641,0.58243,0.85635,0.488,0.95213,0.38391,0.54801,0.72904,0.24895,0.52085
0.48223,0.42101,0.89978,0.49784,0.97585,0.26021,0.56686,0.20262,0.38642,0.21908
0.014093,0.092069,0.21787,0.93598,0.030915,0.87747,0.68039,0.21628,0.43143,0.84239
0.62288,0.024027,0.076979,0.38928,0.49388,0.8061,0.37138,0.97633,0.83089,0.66293
0.2311,0.49115,0.47422,0.11715,0.86272,0.46112,0.078229,0.59324,0.82465,0.81624
0.52743,0.27827,0.83503,0.24042,0.24288,0.090962,0.45635,0.3044,0.453,0.79388
0.72499,0.33976,0.46939,0.68491,0.83427,0.56427,0.047844,0.9677,0.38056,0.46911
0.60742,0.28735,0.41377,0.83925,0.81359,0.18738,0.73826,0.89597,0.92587,0.30952
0.58837,0.1709,0.50275,0.97014,0.62897,0.53169,0.038002,0.19003,0.74084,0.68758
0.43343,0.39926,0.12544,0.21517,0.0022382,0.35503,0.95424,0.0017993,0.73763,0.98685
0.24417,0.69765,0.13229,0.76034,0.37972,0.31478,0.74237,0.71176,0.94692,0.76993
0.42896,0.20368,0.87048,0.5841,0.90441,0.72674,0.93745,0.86773,0.5101,0.82958
0.010177,0.66633,0.60295,0.40295,0.68035,0.51577,0.51336,0.11831,0.79188,0.70608
0.60882,0.44307,0.2653,0.51004,0.37882,0.79064,0.2409,0.039023,0.45217,0.59534
0.95798,0.4333,0.8648,0.49564,0.63195,0.20449,0.25997,0.59819,0.8492,0.75287
0.095447,0.17524,0.058109,0.65137,0.24327,0.67811,0.75897,0.60431,0.39043,0.49672
0.035591,0.1932,0.45775,0.74371,0.57141,0.052486,0.99334,0.51643,0.73838,0.86513
0.88624,0.61642,0.72221,0.30195,0.98173,0.80117,0.35671,0.0075074,0.97644,0.068028
0.24694,0.26901,0.339,0.089612,0.84968,0.67857,0.75286,0.68893,0.5233,0.96855
0.0089151,0.55968,0.40122,0.82597,0.28344,0.94601,0.11005,0.94602,0.42992,0.098756
0.81492,0.94478,0.52698,0.38959,0.68246,0.091558,0.59705,0.87354,0.20716,0.54698
0.1405,0.71447,0.89424,0.7753,0.35812,0.90844,0.4306,0.11328,0.3234,0.40297
0.87987,0.67922,0.77836,0.17937,0.98693,0.50995,0.73072,0.35457,0.11087,0.10704
0.095377,0.95938,0.069368,0.10936,0.083986,0.6149,0.26118,0.24194,0.37521,0.72417
0.35256,0.77533,0.27878,0.90516,0.25031,0.31607,0.094808,0.56033,0.3299,0.61368
0.59342,0.60773,0.37937,0.87635,0.81135,0.077487,0.45096,0.61273,0.34211,0.78297
0.58518,0.948,0.86467,0.99979,0.084423,0.85061,0.64007,0.30081,0.81712,0.56662
0.66768,0.059642,0.41996,0.86425,0.53125,0.14453,0.13204,0.79814,0.53169,0.81132
0.64803,0.26871,0.23988,0.036878,0.80062,0.37049,0.45282,0.79564,0.52112,0.57678
0.43337,0.98668,0.59765,0.54468,0.73882,0.62239,0.6522,0.78109,0.77431,0.94403
0.13976,0.77221,0.4794,0.99762,0.14166,0.99755,0.827,0.3511,0.12026,0.87145
0.75193,0.47535,0.89855,0.51101,0.43789,0.51734,0.30808,0.054297,0.62545,0.5076
0.24179,0.6809,0.93471,0.87351,0.35038,0.99051,0.40236,0.7087,0.34665,0.78882
0.65046,0.41693,0.81789,0.070221,0.4785,0.22653,0.88423,0.99293,0.33462,0.47303
0.85737,0.38015,0.70891,0.98754,0.5874,0.39801,0.70058,0.16248,0.57462,0.8288
0.08437,0.21327,0.74322,0.92271,0.14581,0.69657,0.24187,0.11357,0.86394,0.32248
0.97209,0.38294,0.89971,0.56426,0.90533,0.064641,0.75983,0.91288,0.19856,0.97615
0.03146,0.029668,0.06524,0.43146,0.64019,0.74766,0.29093,0.48166,0.67245,0.27821
0.8354,0.47232,0.33591,0.33784,0.16294,0.4204,0.27744,0.85181,0.90183,0.072831
0.83571,0.33337,0.0043351,0.72072,0.56591,0.81132,0.0061078,0.80991,0.19916,0.75122
0.049858,0.97584,0.8281,0.013656,0.93162,0.37961,0.37471,0.18676,0.29828,0.83119
0.54589,0.55544,0.50744,0.37406,0.7831,0.31907,0.43693,0.2472,0.49652,0.92234
0.94317,0.8463,0.36616,0.92269,0.68569,0.98605,0.3043,0.054189,0.8899,0.32702
0.32147,0.40806,0.22664,0.54648,0.46622,0.71818,0.29086,0.60896,0.50141,0.80407
0.80647,0.46202,0.53483,0.47389,0.26032,0.41318,0.24252,0.77723,0.277,0.53825
0.6014,0.82631,0.28948,0.49654,0.56927,0.09863,0.93668,0.51106,0.53396,0.46329
0.78962,0.9912,0.068371,0.30897,0.24877,0.73456,0.86019,0.02775,0.57425,0.82075
0.79919,0.52395,0.084971,0.95084,0.3193,0.63731,0.39723,0.99039,0.4128,0.95191
0.049565,0.92544,0.068339,0.98199,0.9108,0.073842,0.47942,0.50094,0.014764,0.076273
0.2832,0.73902,0.40982,0.51356,0.88522,0.12051,0.565,0.332,0.70276,0.70867
0.65346,0.56743,0.12338,0.99259,0.79459,0.9816,0.48962,0.17388,0.50675,0.23493
0.48966,0.96878,0.44302,0.45584,0.92581,0.4968,0.26981,0.62564,0.38127,0.3989
0.97285,0.8245,0.89894,0.42604,0.17884,0.022414,0.98974,0.57513,0.064932,0.26812
0.74849,0.95961,0.35364,0.21321,0.51754,0.053832,0.18368,0.75099,0.35858,0.83251
0.56784,0.64635,0.12018,0.19325,0.62701,0.14087,0.86166,0.15352,0.23425,0.99537
0.29896,0.37957,0.56911,0.83275,0.91318,0.89347,0.032633,0.35679,0.2035,0.64975
0.25611,0.47657,0.87503,0.72664,0.66397,0.46582,0.33196,0.14395,0.81378,0.70395
0.88656,0.91189,0.34857,0.52975,0.38919,0.56086,0.74875,0.85061,0.39343,0.9323
0.4468,0.014854,0.041921,0.82908,0.74001,0.49446,0.64437,0.33787,0.053575,0.68765
0.81599,0.15669,0.14234,0.51187,0.81763,0.067785,0.16924,0.2752,0.37505,0.56835
0.098337,0.47157,0.076593,0.55196,0.60034,0.89765,0.95221,0.006011,0.77499,0.38085
0.85959,0.54299,0.74053,0.21328,0.084997,0.28857,0.54327,0.80191,0.1653,0.63458
0.027629,0.059691,0.45653,0.58782,0.92236,0.26905,0.25141,0.49741,0.91222,0.36323
0.89916,0.65803,0.66825,0.14276,0.053598,0.59419,0.57857,0.53784,0.31921,0.40762
0.89994,0.88964,0.69925,0.052224,0.52702,0.47588,0.91548,0.87091,0.32978,0.3687
