0.54878,0.24948,-0.1352,-0.69107,-0.35044,-0.067179,-0.39632,-0.53553,0.99677,0.79006,-0.4489,-0.6489,0.05473,-0.69341,0.5647,0.71166,-0.61936,-0.71145,-0.31881,-0.14916,-0.040606,0.47345,0.84043,0.90447,0.90394,0.69532,0.73755,-0.4698,0.27272,-0.75654
0.2601,-0.33896,-0.60403,0.3136,-0.40661,-0.70197,0.23635,-0.99226,-0.4153,-0.88246,-0.53134,0.37296,-0.48679,-0.23923,0.62883,-0.49312,0.6048,0.5796,0.25534,0.65499,-0.2505,0.91858,-0.5822,0.85421,-0.66021,-0.75005,0.26713,-0.41215,0.16923,0.32079
-0.17949,-0.57033,-0.84265,-0.46625,-0.85287,-0.13404,0.17718,-0.55715,-0.33921,-0.85097,0.89624,-0.16941,-0.93668,-0.32169,0.72274,-0.92235,0.80189,0.97246,0.81422,0.68113,0.22062,-0.79296,-0.24655,0.909,-0.18895,-0.20908,0.87483,0.28033,-0.071731,-0.94566
0.8635,0.055209,0.59571,-0.33189,-0.28213,-0.77518,-0.50988,-0.91032,-0.7947,0.30132,0.1985,-0.96636,0.61737,-0.4464,0.22225,-0.76184,-0.84815,0.86021,-0.23041,0.97649,-0.71738,-0.33629,0.14705,0.30843,-0.69109,-0.26587,-0.70932,0.90725,-0.99823,0.42585
0.32326,0.11638,-0.53545,0.041141,-0.66462,-0.16527,0.75871,-0.86153,0.22151,-0.4264,0.24427,0.54185,-0.50133,0.31125,0.93124,0.98909,-0.099736,0.90299,0.77666,-0.82411,-0.83818,-0.24724,-0.77026,-0.28774,0.44041,-0.71545,0.66925,-0.0037233,0.13723,-0.18879
-0.59102,-0.28503,-0.92626,-0.36392,0.52506,0.24303,0.45155,-0.39341,0.53753,0.96271,-0.21483,-0.19456,0.33232,-0.41628,-0.31089,0.33614,0.21947,-0.29065,0.30841,0.86176,0.85038,-0.44068,-0.44544,0.39061,-0.21586,-0.072065,-0.2161,0.038886,0.30082,0.14932
0.31587,0.043889,-0.059249,-0.42628,0.64926,-0.97309,0.54455,0.20135,0.32151,0.15552,-0.69566,-0.28145,0.66752,0.19726,-0.60336,0.21783,-0.69542,0.98643,-0.95598,-0.75414,0.062368,-0.814,-0.80097,-0.1099,-0.10059,0.81369,0.83832,0.37692,0.11343,-0.6186
-0.76601,-0.28024,0.23666,-0.59247,-0.9432,0.8278,0.14982,0.30227,0.87104,-0.95147,-0.010201,-0.059695,-0.1183,0.54744,-0.22653,-0.67703,-0.33914,-0.54194,0.49695,0.87892,-0.54725,-0.30113,-0.2124,0.18402,0.6348,0.0060215,0.25103,-0.5108,-0.82847,0.81566
0.93148,0.27004,-0.55136,0.38376,0.8311,0.72004,-0.31219,-0.96328,-0.58551,-0.31409,-0.13136,-0.34818,-0.98147,-0.25776,-0.37409,0.2166,0.25454,-0.48056,0.94747,0.69247,-0.62022,0.94917,-0.67795,-0.8074,0.12454,0.15312,0.90538,-0.50747,-0.71679,-0.50222
0.089146,-0.48247,-0.93657,0.87609,-0.81755,0.038131,0.057914,-0.027938,-0.75896,0.71917,0.43634,-0.27704,0.94418,0.75544,-0.62824,0.73658,-0.97842,0.5315,0.43716,-0.72685,0.51162,-0.48546,-0.084953,-0.99308,0.55872,0.88528,0.51218,0.067073,0.28406,0.9337
-0.63348,-0.31728,0.67556,-0.70978,-0.27218,-0.8215,-0.17719,0.85685,-0.62441,-0.13542,0.61761,-0.67414,-0.36542,-0.12405,0.018473,-0.20339,-0.62268,0.048887,-0.075325,-0.051357,-0.087036,0.95459,0.7624,-0.58511,-0.18694,-0.927,0.55977,-0.7545,-0.56065,-0.97454
-0.56727,0.03102,-0.50289,-0.91008,-0.21103,-0.18232,0.33215,-0.73959,-0.68504,-0.3533,-0.092207,0.87271,-0.35574,0.18091,0.71116,0.70648,-0.35286,-0.17277,-0.23221,0.65278,0.52499,-0.56959,-0.63827,-0.83715,0.71227,-0.11257,-0.10926,0.80099,0.59592,0.93854
-0.4235,0.95224,-0.41083,0.95484,-0.46569,-0.65747,-0.49802,-0.9002,-0.6249,-0.51454,0.9377,0.94818,0.76093,0.37687,0.53882,0.13047,0.61106,-0.42761,-0.6125,-0.11204,0.23178,-0.1062,0.59059,0.67554,-0.7767,-0.60684,-0.65517,0.36455,0.96661,-0.87596
-0.42777,0.79133,0.77729,0.8728,-0.69247,0.91435,0.81065,-0.8921,-0.23604,0.67081,-0.73385,0.57124,0.89296,0.16158,0.72142,0.69488,-0.34273,-0.23145,-0.76867,-0.54971,-0.15616,-0.093483,-0.60222,0.87713,-0.24387,0.74152,-0.21524,-0.87066,0.79894,-0.69699
0.88142,-0.94139,0.61163,0.36691,-0.7095,-0.24329,0.6697,-0.46867,-0.0021803,0.82591,0.34829,0.91396,0.8922,0.1553,0.59161,0.42948,-0.5784,0.9678,-0.34688,-0.73007,-0.17096,-0.58756,-0.50103,0.54976,-0.46055,0.31435,0.97115,0.5109,-0.44356,-0.73681
0.87917,0.68767,0.82819,0.49531,0.26839,0.6414,-0.65785,0.23843,0.18532,-0.027343,0.51617,-0.49098,-0.28185,0.2919,0.67575,0.083135,-0.82215,0.81249,0.094618,-0.71251,-0.75414,0.28289,0.049905,0.3847,-0.64369,0.45723,0.4845,0.097181,-0.47888,0.66524
0.25707,-0.87608,-0.40532,0.3997,-0.62557,-0.76947,-0.50059,0.076707,0.64263,0.039479,-0.40449,0.29399,-0.040391,0.90244,0.85359,0.84386,0.67564,0.14953,-0.15222,-0.85365,0.39206,0.155,0.039217,0.9037,0.29586,-0.44353,0.68283,0.99152,0.085596,0.71527
-0.75164,0.38724,0.90921,-0.30354,0.82872,0.46264,-0.8816,0.55096,-0.28604,-0.32119,-0.26802,0.40064,0.82013,0.30322,0.32728,0.086684,0.4509,0.076619,0.81551,0.82902,0.21677,-0.98922,0.80872,-0.75994,0.38155,-0.74898,-0.88532,-0.55649,-0.41621,-0.57897
0.084059,0.32183,-0.36174,0.79758,0.15789,0.42308,-0.95376,-0.50465,0.26782,-0.77774,0.44836,0.40906,-0.4707,-0.37791,0.63296,0.46322,-0.59944,0.39758,0.82011,-0.90122,0.87279,-0.27173,0.60904,0.70864,-0.51891,0.24818,0.29875,0.43531,-0.30853,-0.87947
0.20193,-0.99016,-0.48614,0.83949,-0.6063,-0.32007,-0.40165,-0.98296,0.89625,0.97579,0.12171,-0.29283,-0.70951,-0.1446,0.69868,-0.033944,-0.47512,-0.0051626,-0.47908,-0.16522,0.87947,-0.9007,-0.3929,0.74479,0.35938,0.093348,-0.54069,-0.12753,0.0037167,-0.24363
0.42191,0.53023,0.56001,-0.19057,-0.62841,0.0581,-0.40921,0.59569,-0.42744,0.12848,0.62605,-0.22921,0.64847,-0.35687,0.49403,-0.85055,0.13854,0.45649,0.52526,-0.2622,0.043924,0.60734,0.56701,0.11287,0.94531,0.69538,0.39843,-0.81076,0.65166,0.6422
0.33612,0.87652,-0.6485,-0.67237,-0.35251,0.1315,0.71758,0.98546,0.50075,-0.70179,-0.7292,-0.78215,0.25026,-0.86076,-0.76893,0.082704,-0.39917,-0.68177,-0.93846,-0.91532,-0.3493,0.97342,-0.14458,-0.23767,0.46759,0.8311,0.78502,0.54689,0.56814,0.15265
0.90916,0.010976,-0.13863,0.94238,0.34125,-0.95114,0.57822,-0.37262,-0.047665,-0.27336,0.95392,0.7126,-0.87106,0.20493,0.36684,0.67774,-0.84581,0.28941,0.43912,-0.86062,0.12577,0.28534,-0.11269,-0.14636,0.80494,0.074019,-0.2742,0.66972,0.53681,0.7809
-0.78374,-0.038442,0.52295,-0.18455,0.057444,0.72616,-0.9906,-0.95176,-0.28518,-0.85685,0.98605,-0.29284,-0.27583,-0.4835,0.65043,-0.050001,0.70471,0.46686,0.84223,0.36153,-0.92997,0.90448,-0.78444,-0.66444,-0.38468,0.63531,0.03053,-0.21462,-0.41794,-0.43701
0.88113,-0.77443,-0.16432,-0.57993,-0.19415,0.63144,0.015144,-0.91524,0.54987,0.33265,0.98224,0.6129,-0.039517,0.16574,0.9442,0.46114,-0.52667,0.57954,0.92545,-0.20302,-0.8641,-0.98316,-0.36918,-0.59058,-0.75778,-0.26516,0.44424,0.84924,-0.54343,0.044291
-0.62199,-0.28488,-0.13866,-0.29582,0.34535,0.72468,-0.40795,-0.85035,-0.44189,-0.50384,0.93258,0.65498,0.59011,-0.5547,-0.95371,-0.64307,-0.18761,-0.23005,-0.40005,-0.31581,0.44125,0.48522,-0.9271,0.76656,-0.21589,0.98124,0.21618,-0.39297,-0.70474,-0.22057
0.97768,0.52488,-0.76556,-0.040276,0.083273,0.33641,-0.60763,-0.82526,0.09657,0.73871,0.96679,-0.67014,-0.15142,-0.81296,-0.61589,0.65078,0.46112,0.87818,-0.79093,0.4703,-0.3193,-0.55612,-0.86862,-0.80108,0.2421,-0.67922,0.49501,0.77203,0.035095,0.42836
0.17881,0.61767,-0.80324,0.8687,-0.72494,-0.5945,0.57374,0.35073,-0.34444,0.96153,0.91189,0.60437,-0.72506,0.67244,-0.66396,-0.80894,0.078221,0.53327,-0.47761,-0.26306,0.15828,-0.42062,0.88422,-0.83059,-0.59964,0.084521,-0.62067,0.15686,-0.9157,-0.43162
-0.10042,-0.2768,0.51425,0.99545,-0.70687,-0.74232,-0.18701,0.79758,0.96042,-0.095678,0.028567,-0.73495,0.050158,-0.95967,0.14767,-0.4716,0.59865,-0.91313,-0.60391,-0.028579,0.62858,-0.41471,0.11631,-0.47581,-0.35957,0.096618,0.27805,0.34978,-0.94084,-0.76608
-0.32821,-0.89906,-0.24239,-0.12817,0.26833,-0.33345,0.89745,-0.28209,0.21364,0.39096,-0.22819,0.67706,0.097707,-0.59774,0.92846,0.33873,-0.12732,0.021119,0.47708,0.15969,0.31103,0.75288,-0.52666,0.11327,-0.29368,0.8984,-0.025739,-0.96784,-0.73345,0.73416
